2 0.18203125 0.515625 0.30390625 0.3953125
2 0.51640625 0.425 0.05546875 0.078125
2 0.58046875 0.425 0.046875 0.078125
2 0.62421875 0.36953125 0.04453125 0.0671875
2 0.70390625 0.42890625 0.04296875 0.06953125
2 0.4953125 0.53984375 0.06015625 0.0734375
2 0.571875 0.54375 0.06484375 0.08203125
2 0.64765625 0.4953125 0.0484375 0.07265625
2 0.6546875 0.575 0.05078125 0.07265625
2 0.7171875 0.54453125 0.04296875 0.0765625
2 0.6015625 0.625 0.05390625 0.07890625
2 0.54609375 0.66875 0.059375 0.0734375
2 0.6921875 0.64609375 0.046875 0.08125