2 0.20703125 0.2296875 0.27265625 0.25625
2 0.21328125 0.465625 0.30234375 0.1796875
2 0.209375 0.703125 0.30390625 0.18046875
2 0.40390625 0.3390625 0.084375 0.0703125
2 0.4796875 0.3046875 0.0890625 0.10625
2 0.5578125 0.290625 0.071875 0.0984375
2 0.63828125 0.28046875 0.08515625 0.1234375
2 0.73359375 0.26328125 0.10078125 0.12109375
2 0.84453125 0.2421875 0.11484375 0.15
2 0.4140625 0.40234375 0.09375 0.09296875
2 0.509375 0.39375 0.1140625 0.08828125
2 0.63046875 0.3796875 0.1203125 0.0875
2 0.76796875 0.365625 0.13515625 0.10390625
2 0.91484375 0.37265625 0.16953125 0.11171875
2 0.41875 0.4703125 0.096875 0.06015625
2 0.521875 0.475 0.0953125 0.06953125
2 0.62578125 0.465625 0.11171875 0.07578125
2 0.76328125 0.46640625 0.12578125 0.11015625
2 0.9140625 0.47109375 0.16796875 0.11328125
2 0.45703125 0.55625 0.06875 0.11484375
2 0.51875 0.5625 0.07109375 0.1078125
2 0.5984375 0.55703125 0.075 0.109375
2 0.7359375 0.584375 0.19296875 0.1453125
2 0.890625 0.59375 0.1296875 0.13125
2 0.45078125 0.659375 0.05703125 0.10546875
2 0.52578125 0.67265625 0.06875 0.10546875
2 0.60234375 0.67578125 0.0734375 0.12578125
2 0.68203125 0.6984375 0.09453125 0.12578125
2 0.778125 0.7046875 0.0953125 0.13671875
2 0.8921875 0.72265625 0.11484375 0.128125
2 0.4375 0.76796875 0.06484375 0.10078125
2 0.51484375 0.78515625 0.07265625 0.1296875
2 0.6 0.79296875 0.078125 0.11328125
2 0.67890625 0.803125 0.08828125 0.1390625
2 0.77734375 0.83828125 0.103125 0.15078125
2 0.89453125 0.84765625 0.12890625 0.14453125